[Lift]    
LiftInputArrayPath = "LiftInputArrayPath"
LatchClearHeight = 1220.000000    
LiftLockSpeed = 0.000000
LiftKc = 0.275000
LiftTi = 0.003000
LiftTd = 0.000000
LiftOpenIntakeMinSpeed = 10.000000
LiftDangerAmpDelta = 6.000000
LiftEStop = FALSE
[Chassis]
ChassisBaseAutonSpeed = 0.500000
ChassisDistanceThreshold = 20.000000
ChassisKc = 1.100000
ChassisTi = 0.005000
ChassisTd = 0.000000


[Intake]
IntakeDefaultSpeed = 100.000000    