[Lift]    
LiftInputArrayPath = "LiftInputArrayPath"
LatchClearHeight = 1020.000000    
LiftLockSpeed = 0.000000
LiftKc = 0.300000
LiftTi = 0.000000
LiftTd = 0.000000
[Chassis]
ChassisBaseAutonSpeed = 0.500000
ChassisDistanceThreshold = 20.000000
ChassisKc = 0.100000
ChassisTi = 0.010000
ChassisTd = 0.000000


[Intake]
IntakeDefaultSpeed = 100.000000    